002967
603060
002651
603656
603966
300281
301138
300549
002837
600129
603171
002649
000997
688088
300354
300790
002036
603668
000659
300110
002675
002082
301069
002469
688222
002727
605008
300644
600619
605365
600980
603959
002097
605389
002171
601609
601137
601702
603035
605005
603158
605088
300375
603335
603013
002139
605090
603813
300070
000534
000601
002724
002161
300852
300657
600288
603386
600590
000400
688597
002028
002634
601718
603055
000409
600118
603565
300600
002088
002835
002376
300270
300449
300098
300810
002929
300570
002446
002413
601869
601882
002248
300126
300154
002795
300091
300161
600592
600872
